image: raw_cafe.pgm
resolution: 0.050000
origin: [-7.000000, -16.500000, 0.000000]
negate: 0
occupied_thresh: 0.65
free_thresh: 0.196

